clken 
|  vector            
|  | set_e           
|  | | clear_e       
|  | | |    ab_en    
|  | | |    | mr_en  
|  | | |    | | dp_en
|  | | |    | | | cc_en    
|  | | |    | | | | op_en  
|  | | |    | | | | |      alu_mux_sel       
|  | | |    | | | | |      | alu_mode        
|  | | |    | | | | |      | |     addr_mux_sel      
|  | | |    | | | | |      | |     | index_mux_sel   
|  | | |    | | | | |      | |     | | index_add_sel 
|  | | |    | | | | |      | |     | | |   pc_mux_sel
|  | | |    | | | | |      | |     | | |   | pc_en   
|  | | |    | | | | |      | |     | | |   | |   x_mux_sel  
|  | | |    | | | | |      | |     | | |   | |   | x_en             
|  | | |    | | | | |      | |     | | |   | |   | |   y_mux_sel    
|  | | |    | | | | |      | |     | | |   | |   | |   | y_en       
|  | | |    | | | | |      | |     | | |   | |   | |   | |   u_mux_sel         
|  | | |    | | | | |      | |     | | |   | |   | |   | |   | u_en            
|  | | |    | | | | |      | |     | | |   | |   | |   | |   | |   s_mux_sel   
|  | | |    | | | | |      | |     | | |   | |   | |   | |   | |   | s_en      
|  | | |    | | | | |      | |     | | |   | |   | |   | |   | |   | |   ea_mux_sel                  
|  | | |    | | | | |      | |     | | |   | |   | |   | |   | |   | |   | ea_en                  
|  | | |    | | | | |      | |     | | |   | |   | |   | |   | |   | |   | |     bytelane_mux_sel 
|  | | |    | | | | |      | |     | | |   | |   | |   | |   | |   | |   | |     | allreg_mux_sel 
|  | | |    | | | | |      | |     | | |   | |   | |   | |   | |   | |   | |     | | mr_mux_sel        
|  | | |    | | | | |      | |     | | |   | |   | |   | |   | |   | |   | |     | | |  rdata
|  | | |    | | | | |      | |     | | |   | |   | |   | |   | |   | |   | |     | | |  |
1  0 0 0    0 0 0 0 0      0 00    0 0 0   0 0   0 0   0 0   0 0   0 0   0 0     0 0 0  00
1  0 0 0    0 0 0 0 0      0 00    0 0 0   0 0   0 0   0 0   0 0   0 0   0 0     0 0 0  00
1  0 0 0    0 0 0 0 0      0 00    0 0 0   0 0   0 0   0 0   0 0   0 0   0 0     0 0 0  00
1  0 0 0    0 0 0 0 0      0 00    0 0 0   0 0   0 0   0 0   0 0   0 0   0 0     0 0 0  00
#
C load reset           
#
1  7 0 0    0 0 0 0 0      0 00    0 0 0   2 3   0 0   0 0   0 0   0 0   0 0     0 0 0  00
1  0 0 0    0 1 0 0 0      0 00    6 2 1   0 3   0 0   0 0   0 0   0 0   0 0     0 0 0  f0
1  0 0 0    0 0 0 0 0      0 00    6 0 0   1 3   0 0   0 0   0 0   0 0   0 0     0 0 0  03
#
#
#
C1 lda #$20                   
C0 fetch                             
1  0 0 0    0 0 0 0 1      0 00    6 2 1   0 3   0 0   0 0   0 0   0 0   0 0     0 0 0  86
C0 decode            
1  0 0 0    2 0 0 0 0      0 1b    6 2 1   0 3   0 0   0 0   0 0   0 0   0 0     0 0 0  20
C1 ldb #$44                   
C0 fetch                             
1  0 0 0    0 0 0 0 1      0 00    6 2 1   0 3   0 0   0 0   0 0   0 0   0 0     0 0 0  c6
C0 decode            
1  0 0 0    0 0 0 0 0      0 1b    6 2 1   0 3   0 0   0 0   0 0   0 0   0 0     0 0 0  44
C1 ldd #$1122                  
C0 fetch                             
1  0 0 0    0 0 0 0 1      0 00    6 2 1   0 3   0 0   0 0   0 0   0 0   0 0     0 0 0  cc
C0 decode            
1  0 0 0    0 1 0 0 0      0 00    6 2 1   0 3   0 0   0 0   0 0   0 0   0 0     0 0 0  11
C0 immediate16    
1  0 0 0    3 0 0 0 0      0 1c    6 2 1   0 3   0 0   0 0   0 0   0 0   0 0     0 0 0  22
C1 ldx #$abcd                  
C0 fetch                             
1  0 0 0    0 0 0 0 1      0 00    6 2 1   0 3   0 0   0 0   0 0   0 0   0 0     0 0 0  8e
C0 decode            
1  0 0 0    0 1 0 0 0      0 00    6 2 1   0 3   0 0   0 0   0 0   0 0   0 0     0 0 0  ab
C0 immediate16    
1  0 0 0    0 0 0 0 0      0 00    6 2 1   0 3   1 3   0 0   0 0   0 0   0 0     0 0 0  cd
C1 ldy #$789a                  
C0 fetch                             
1  0 0 0    0 0 0 0 1      0 00    6 2 1   0 3   0 0   0 0   0 0   0 0   0 0     0 0 0  10
C0 fetch                             
1  0 0 0    0 0 0 0 1      0 00    6 2 1   0 3   0 0   0 0   0 0   0 0   0 0     0 0 0  8e
C0 decode            
1  0 0 0    0 1 0 0 0      0 00    6 2 1   0 3   0 0   0 0   0 0   0 0   0 0     0 0 0  78
C0 immediate16    
1  0 0 0    0 0 0 0 0      0 00    6 2 1   0 3   0 0   1 3   0 0   0 0   0 0     0 0 0  9a
C1 ldu #$2200                  
C0 fetch                             
1  0 0 0    0 0 0 0 1      0 00    6 2 1   0 3   0 0   0 0   0 0   0 0   0 0     0 0 0  ce
C0 decode            
1  0 0 0    0 1 0 0 0      0 00    6 2 1   0 3   0 0   0 0   0 0   0 0   0 0     0 0 0  22
C0 immediate16    
1  0 0 0    0 0 0 0 0      0 00    6 2 1   0 3   0 0   0 0   1 3   0 0   0 0     0 0 0  00
C1 lds #$2400                  
C0 fetch                             
1  0 0 0    0 0 0 0 1      0 00    6 2 1   0 3   0 0   0 0   0 0   0 0   0 0     0 0 0  10
C0 fetch                             
1  0 0 0    0 0 0 0 1      0 00    6 2 1   0 3   0 0   0 0   0 0   0 0   0 0     0 0 0  ce
C0 decode            
1  0 0 0    0 1 0 0 0      0 00    6 2 1   0 3   0 0   0 0   0 0   0 0   0 0     0 0 0  24
C0 immediate16    
1  0 0 0    0 0 0 0 0      0 00    6 2 1   0 3   0 0   0 0   0 0   1 3   0 0     0 0 0  00
#
#
#
C1 pushs u,y,x,dp,b,a,cc
C0 fetch                         
1  0 0 0    0 0 0 0 1      0 00    6 2 1   0 3   0 0   0 0   0 0   0 0   0 0     0 0 0  34
C0 decode                   
1  0 0 0    0 1 0 0 0      0 00    6 2 1   0 3   0 0   0 0   0 0   0 0   0 0     0 0 0  ff
C0 decrement s                             
1  0 0 0    0 0 0 0 0      0 00    3 1 1   0 0   0 0   0 0   0 0   0 3   0 0     0 0 0  00
C0 push  pcl                               
1  0 0 0    0 0 0 0 0      0 00    3 1 1   0 0   0 0   0 0   0 0   0 3   0 0     0 2 0  00
C0 push  pch                               
1  0 0 0    0 0 0 0 0      0 00    3 1 1   0 0   0 0   0 0   0 0   0 3   0 0     1 2 0  00
C0 push  ul                               
1  0 0 0    0 0 0 0 0      5 0e    3 1 1   0 0   0 0   0 0   0 0   0 3   0 0     0 0 0  00
C0 push  uh                               
1  0 0 0    0 0 0 0 0      5 0e    3 1 1   0 0   0 0   0 0   0 0   0 3   0 0     1 0 0  00
C0 push  yl                               
1  0 0 0    0 0 0 0 0      4 0e    3 1 1   0 0   0 0   0 0   0 0   0 3   0 0     0 0 0  00
C0 push  yh                               
1  0 0 0    0 0 0 0 0      4 0e    3 1 1   0 0   0 0   0 0   0 0   0 3   0 0     1 0 0  00
C0 push  xl                               
1  0 0 0    0 0 0 0 0      3 0e    3 1 1   0 0   0 0   0 0   0 0   0 3   0 0     0 0 0  00
C0 push  xh                               
1  0 0 0    0 0 0 0 0      3 0e    3 1 1   0 0   0 0   0 0   0 0   0 3   0 0     1 0 0  00
C0 push  dp                               
1  0 0 0    0 0 0 0 0      0 00    3 1 1   0 0   0 0   0 0   0 0   0 3   0 0     0 1 0  00
C0 push  b                                   
1  0 0 0    0 0 0 0 0      1 0e    3 1 1   0 0   0 0   0 0   0 0   0 3   0 0     0 0 0  00
C0 push  a                                   
1  0 0 0    0 0 0 0 0      0 0e    3 1 1   0 0   0 0   0 0   0 0   0 3   0 0     0 0 0  00
C0 push  cc                              
1  0 0 0    0 0 0 0 0      0 00    3 1 1   0 0   0 0   0 0   0 0   0 3   0 0     0 3 0  00
C0 push  nop1        
1  0 0 0    0 0 0 0 0      0 00    0 0 0   0 0   0 0   0 0   0 0   0 0   0 0     0 0 0  00
C0 push  nop2        
1  0 0 0    0 0 0 0 0      0 00    0 0 0   0 0   0 0   0 0   0 0   0 0   0 0     0 0 0  00
#
C1 stx [$ffe0,pc] 13c                     
C0 fetch                      
1  0 0 0    0 0 0 0 1      0 00    6 2 1   0 3   0 0   0 0   0 0   0 0   0 0     0 0 0  af
C0 decode                      
1  0 0 0    0 1 0 0 0      0 00    6 2 1   0 3   0 0   0 0   0 0   0 0   0 0     0 0 0  9d
C0 indexed 1                
1  0 0 0    0 1 0 0 0      0 00    6 2 1   0 3   0 0   0 0   0 0   0 0   0 0     0 0 0  ff
C0 indexed 2                
1  0 0 0    0 1 0 0 0      0 00    6 7 1   0 0   0 0   0 0   0 0   0 0   0 1     0 0 0  e0
C0 indexed 3                
1  0 0 0    0 1 0 0 0      0 00    4 2 1   0 0   0 0   0 0   0 0   0 0   0 1     0 0 0  77
C0 indexed 4                
1  0 0 0    0 0 0 0 0      0 00    4 0 0   0 0   0 0   0 0   0 0   0 0   1 1     0 0 0  88
C0 indexed 5                
1  0 0 0    0 1 0 0 0      0 00    4 2 1   0 0   0 0   0 0   0 0   0 0   0 1     0 0 0  92
C0 indexed 6                
1  0 0 0    0 0 0 0 0      0 00    4 0 0   0 0   1 3   0 0   0 0   0 0   0 0     0 0 0  72
C0 indexed 7                
1  0 0 0    0 0 0 0 0      0 00    0 0 0   0 0   0 0   0 0   0 0   0 0   0 0     0 0 0  00
C0 indexed 8                
1  0 0 0    0 0 0 0 0      0 00    0 0 0   0 0   0 0   0 0   0 0   0 0   0 0     0 0 0  00
C0 indexed 9                
1  0 0 0    0 0 0 0 0      0 00    0 0 0   0 0   0 0   0 0   0 0   0 0   0 0     0 0 0  00
C0 indexed 10                
1  0 0 0    0 0 0 0 0      0 00    0 0 0   0 0   0 0   0 0   0 0   0 0   0 0     0 0 0  00
C0 indexed 11                
1  0 0 0    0 0 0 0 0      0 00    0 0 0   0 0   0 0   0 0   0 0   0 0   0 0     0 0 0  00
#
1  0 0 0    0 0 0 0 0      0 00    0 0 0   0 0   0 0   0 0   0 0   0 0   0 0     0 0 0  00
1  0 0 0    0 0 0 0 0      0 00    0 0 0   0 0   0 0   0 0   0 0   0 0   0 0     0 0 0  00
1  0 0 0    0 0 0 0 0      0 00    0 0 0   0 0   0 0   0 0   0 0   0 0   0 0     0 0 0  00
1  0 0 0    0 0 0 0 0      0 00    0 0 0   0 0   0 0   0 0   0 0   0 0   0 0     0 0 0  00
